100
0 0 0 0 1 0 1 0 1 0
6
0 1 0 1 1 0 0 1 0 0
7
0 1 0 0 0 1 0 1 0 1
75
0 1 0 0 0 0 0 0 0 0
11
1 1 1 1 0 1 1 1 0 0
20
1 0 1 0 1 1 1 1 1 1
20
0 0 1 1 0 0 1 0 0 1
85
1 0 0 0 1 0 0 0 0 0
40
0 0 1 0 0 0 0 0 0 1
18
0 0 0 1 1 1 1 0 0 0
55
0 0 0 1 0 0 0 0 0 0
9
1 0 0 0 0 0 0 0 1 0
8
0 0 0 0 0 0 0 0 1 0
64
0 0 0 0 1 0 0 0 0 0
64
1 0 0 0 0 0 1 1 0 0
77
1 0 0 0 0 0 1 0 0 1
6
0 0 1 0 0 1 1 0 0 0
25
0 0 1 1 1 0 1 0 1 0
33
1 1 0 0 0 0 0 1 1 0
100
0 1 0 1 0 1 0 0 0 0
45
0 0 1 0 0 1 0 0 0 0
22
1 0 0 0 1 1 1 0 1 0
54
0 0 0 1 0 0 0 0 0 0
33
0 0 0 0 0 0 1 0 0 0
36
0 0 0 1 0 0 1 1 0 0
73
0 0 0 0 0 0 0 0 0 1
99
1 0 0 0 1 0 0 0 0 0
40
0 0 0 1 0 0 0 0 0 0
81
0 0 0 1 0 0 0 0 0 1
99
0 0 0 0 1 0 0 0 0 0
64
1 0 0 1 1 1 0 0 0 0
5
0 0 0 0 1 1 0 0 0 1
45
1 0 0 1 1 0 1 1 0 0
100
0 0 0 0 0 0 1 0 0 0
36
1 0 0 0 1 0 0 1 0 1
7
0 1 0 0 0 0 1 1 1 0
78
0 0 0 1 1 0 1 0 0 1
96
1 0 0 0 0 1 0 0 1 0
59
1 1 0 1 1 1 1 1 1 1
99
0 0 0 0 0 0 0 0 0 1
99
0 1 0 0 0 0 0 1 1 0
17
0 0 0 0 1 0 0 1 0 1
4
0 0 0 0 0 0 0 0 1 0
8
0 0 0 0 0 0 0 1 1 0
78
1 0 0 1 1 0 0 0 0 0
3
0 0 0 0 0 1 0 1 1 0
19
0 1 0 1 0 1 0 0 0 0
45
1 1 0 0 1 0 1 0 1 0
40
0 0 0 0 0 0 0 0 1 0
88
0 1 0 1 0 0 0 0 0 1
9
0 0 1 0 1 1 0 0 0 0
45
0 0 1 0 0 0 0 1 1 0
82
1 1 1 1 1 0 0 0 0 1
34
0 0 0 0 0 0 1 1 0 0
67
0 0 0 0 0 0 1 0 0 0
6
0 0 0 1 0 0 0 0 0 0
27
1 1 1 0 0 0 1 0 0 0
2
0 0 0 0 0 1 0 0 0 1
99
1 0 0 1 1 1 1 0 0 1
33
0 1 1 0 0 0 1 1 0 0
7
0 0 0 0 0 0 1 0 0 0
66
0 0 1 1 1 1 1 1 1 1
89
0 0 0 0 1 0 0 1 0 0
49
0 0 0 1 0 1 0 1 0 0
5
1 1 1 1 0 0 0 1 0 0
12
1 0 1 1 0 1 1 0 1 1
39
1 1 0 0 0 0 1 1 0 0
1
1 1 0 0 0 1 0 1 0 0
77
0 0 0 1 0 0 0 0 0 0
99
0 0 0 1 0 0 0 0 1 0
88
1 1 0 1 0 0 1 1 0 1
43
1 0 0 1 0 0 0 0 0 0
99
0 1 0 0 0 0 1 0 0 0
11
0 1 0 0 0 1 1 0 0 1
55
0 0 1 0 0 1 0 0 0 0
55
0 0 0 0 0 0 0 0 1 1
9
1 0 1 0 1 0 1 0 1 1
42
0 0 0 0 0 0 0 1 1 0
88
0 0 0 1 1 1 0 1 1 1
48
1 0 0 0 0 1 1 1 1 1
100
1 0 0 1 0 0 1 1 1 0
24
1 0 0 0 1 0 1 0 1 1
30
0 0 1 0 1 0 0 1 1 1
79
1 1 0 0 1 0 1 1 1 0
78
0 1 0 0 0 0 1 0 1 0
48
0 0 1 0 0 1 1 1 0 0
22
1 0 1 0 1 0 1 0 1 1
30
1 0 0 0 0 1 1 1 1 1
4
0 1 0 0 0 0 0 0 0 0
11
0 0 1 0 0 0 0 0 0 0
44
0 1 0 0 0 0 1 0 0 0
66
1 0 1 1 1 0 1 0 0 0
42
0 0 0 0 1 0 0 0 0 0
4
1 1 0 0 1 0 0 0 0 0
4
1 1 1 0 1 1 1 0 1 0
84
1 1 0 1 0 0 1 0 0 0
63
0 0 0 1 0 0 1 0 1 0
66
1 0 0 0 1 1 0 0 1 0
49
0 0 0 0 0 0 0 0 0 1
81
0 0 0 0 1 1 1 0 1 0
8
